17354.0
17278.5
17256.666666666668
17250.75
17217.8
17217.8
17217.8
17182.0
17166.285714285714
17139.875
17098.777777777777
17050.3
17050.3
17050.3
17044.363636363636
17061.333333333332
17073.615384615383
17091.5
17109.933333333334
17109.933333333334
17109.933333333334
17135.0
17157.41176470588
17174.722222222223
17174.78947368421
17161.65
17161.65
17161.65
17163.285714285714
17174.090909090908
17173.739130434784
17165.791666666668
17161.28
17161.28
17161.28
17156.076923076922
17170.14814814815
17178.89285714286
17190.068965517243
17197.6
17197.6
17197.6
17197.6
17215.870967741936
17237.1875
17260.272727272728
17285.235294117647
17285.235294117647
17285.235294117647
17308.571428571428
17324.25
17342.972972972973
17361.42105263158
17379.53846153846
17379.53846153846
17379.53846153846
17379.53846153846
17392.95
17403.585365853658
17415.119047619046
17427.06976744186
17427.06976744186
17427.06976744186
17432.613636363636
17442.044444444444
17458.739130434784
17475.957446808512
17489.479166666668
17489.479166666668
17489.479166666668
17502.224489795917
17515.74
17530.450980392157
17547.51923076923
17565.056603773584
17565.056603773584
17565.056603773584
17565.056603773584
17579.37037037037
17589.945454545454
17597.10714285714
17603.21052631579
17603.21052631579
17603.21052631579
17608.241379310344
17611.322033898305
17611.9
17615.344262295082
17616.564516129034
17616.564516129034
17616.564516129034
17615.222222222223
17615.265625
17616.73846153846
17618.727272727272
17622.253731343284
17622.253731343284
17622.253731343284
17625.647058823528
17628.492753623188
17627.314285714285
17626.394366197183
17623.194444444445
17623.194444444445
17623.194444444445
17622.671232876713
17622.756756756757
17621.373333333333
17618.197368421053
17614.77922077922
17614.77922077922
17614.77922077922
17614.77922077922
17611.628205128207
17608.354430379746
17605.275
17602.456790123455
17602.456790123455
17602.456790123455
17599.048780487807
17594.650602409638
17588.47619047619
17583.105882352942
17575.523255813954
17575.523255813954
17575.523255813954
17565.51724137931
17554.954545454544
17544.606741573032
17534.37777777778
17522.967032967033
17522.967032967033
17522.967032967033
17511.304347826088
17511.304347826088
17501.16129032258
17491.72340425532
17481.947368421053
17481.947368421053
17481.947368421053
17472.020833333332
17460.59793814433
17448.571428571428
17436.76767676768
17424.98
17424.98
17424.98
17413.227722772277
17402.254901960783
17391.14563106796
17379.01923076923
17364.790476190476
17364.790476190476
17364.790476190476
17349.67924528302
17334.99065420561
17319.935185185186
17305.495412844037
17292.02727272727
17292.02727272727
17292.02727272727
17279.09009009009
17266.098214285714
17266.098214285714
17251.63716814159
17238.48245614035
17238.48245614035
17238.48245614035
17227.043478260868
17215.810344827587
17204.162393162394
17192.36440677966
17179.756302521007
17179.756302521007
17179.756302521007
17167.333333333332
17155.429752066117
17144.967213114753
17134.17886178862
17123.6935483871
17123.6935483871
17123.6935483871
17112.48
17101.11111111111
17090.24409448819
17079.7578125
17069.945736434107
17069.945736434107
17069.945736434107
17060.638461538463
17050.93893129771
17040.598484848484
17031.06015037594
17021.47014925373
17021.47014925373
17021.47014925373
17011.555555555555
17001.845588235294
16992.832116788322
16984.6884057971
16976.244604316547
16976.244604316547
16976.244604316547
16967.835714285713
16959.106382978724
16949.781690140844
16941.321678321678
16933.055555555555
16933.055555555555
16933.055555555555
16924.344827586207
16915.890410958906
16906.775510204083
16897.77027027027
16888.939597315435
16888.939597315435
16888.939597315435
16879.246666666666
16869.03311258278
16858.717105263157
16847.928104575163
16837.20779220779
16837.20779220779
16837.20779220779
16826.483870967742
16814.173076923078
16802.808917197453
16792.08227848101
16780.327044025158
16780.327044025158
16780.327044025158
16767.18125
16767.18125
16754.316770186335
16742.561728395063
16731.515337423312
16731.515337423312
16731.515337423312
16719.878048780487
16707.78181818182
16695.18674698795
16682.017964071856
16669.82738095238
16669.82738095238
16669.82738095238
16657.763313609466
16647.38823529412
16647.38823529412
16635.72514619883
16623.220930232557
16623.220930232557
16623.220930232557
16610.028901734106
16597.362068965518
16597.362068965518
16584.211428571427
16571.56818181818
16571.56818181818
16571.56818181818
16560.525423728814
16549.404494382023
16549.404494382023
16537.977653631286
16525.6
16525.6
16525.6
16516.25414364641
16507.225274725275
16498.0
16488.135869565216
16478.12972972973
16478.12972972973
16478.12972972973
16478.12972972973
16469.467741935485
16459.951871657755
16451.36170212766
16451.36170212766
16451.36170212766
16451.36170212766
16441.074074074073
16429.93157894737
16420.083769633507
16411.71875
16403.036269430053
16403.036269430053
16403.036269430053
16394.484536082473
16385.061538461538
16376.57142857143
16369.126903553299
16361.853535353535
16361.853535353535
16361.853535353535
16355.1608040201
16355.1608040201
16349.255
16343.029850746268
16336.163366336634
16336.163366336634
16336.163366336634
16329.275862068966
16323.151960784313
16317.89268292683
16311.101941747573
16303.613526570049
16303.613526570049
16303.613526570049
16295.08173076923
16289.349282296651
16283.12380952381
16275.654028436018
16268.103773584906
16268.103773584906
16268.103773584906
16262.06103286385
16256.714953271028
16251.837209302326
16247.49074074074
16243.188940092166
16243.188940092166
16243.188940092166
16238.233944954129
16233.369863013699
16228.245454545455
16223.180995475113
16218.18918918919
16218.18918918919
16218.18918918919
16212.385650224216
16206.504464285714
16200.204444444444
16193.33185840708
16184.907488986784
16184.907488986784
16184.907488986784
16173.719298245614
16163.427947598253
16153.878260869566
16153.878260869566
16145.584415584415
16145.584415584415
16145.584415584415
16137.935344827587
16131.291845493563
16124.935897435897
16118.110638297872
16110.32627118644
16110.32627118644
16110.32627118644
16103.24894514768
16096.911764705883
16090.497907949792
16084.133333333333
16077.49377593361
16077.49377593361
16077.49377593361
16070.342975206611
16062.38683127572
16054.532786885246
16046.959183673469
16039.174796747968
16039.174796747968
16039.174796747968
16030.991902834008
16017.336032388665
16004.291497975708
15991.008097165992
15977.404858299595
15972.89837398374
15972.89837398374
15972.89837398374
15959.670731707318
15945.560975609756
15931.378048780487
15917.386178861789
15914.542857142857
15914.542857142857
15905.78455284553
15892.59349593496
15878.09756097561
15863.243902439024
15847.934959349594
15841.730612244897
15841.730612244897
15832.264227642276
15815.869918699187
15799.662601626016
15783.08943089431
15767.556910569107
15762.885714285714
15762.885714285714
15752.703252032521
15736.18699186992
15718.756097560976
15702.264227642276
15697.036734693878
15691.47950819672
15691.47950819672
15680.363265306123
15663.877551020409
15644.783673469388
15626.98775510204
15608.30612244898
15600.897540983606
15600.897540983606
15589.706122448979
15578.247967479674
15558.630081300813
15538.207317073171
15528.163265306122
15517.58606557377
15506.41224489796
15495.081300813008
15473.081300813008
15452.252032520326
15430.357723577235
15407.662601626016
15396.804081632654
15396.804081632654
15384.065040650406
15370.85020242915
15346.526315789473
15322.17004048583
15296.991902834008
15286.292682926829
15286.292682926829
15271.538461538461
15247.242914979757
15222.433198380566
15196.842105263158
15170.522267206477
15158.512195121952
15158.512195121952
15145.44129554656
15120.267206477733
15095.0
15069.21052631579
15042.712550607288
15028.752032520326
15028.752032520326
15015.526315789473
15002.076612903225
14976.40322580645
14951.29435483871
14926.854838709678
14914.635627530364
14914.635627530364
14902.536290322581
14878.09677419355
14853.693548387097
14829.564516129032
14804.084677419354
14792.396761133603
14792.396761133603
14792.396761133603
14767.635627530364
14741.842105263158
14715.57085020243
14689.17004048583
14676.30081300813
14676.30081300813
14661.61943319838
14633.085020242916
14605.995951417004
14580.113360323887
14554.55870445344
14543.008130081302
14543.008130081302
14530.704453441296
14506.133603238866
14481.74089068826
14457.457489878543
14433.40890688259
14421.532520325203
14421.532520325203
14409.55870445344
14397.620967741936
14373.060483870968
14348.72177419355
14324.5
14312.141700404858
14312.141700404858
14300.129032258064
14276.758064516129
14253.77822580645
14231.173387096775
14208.008064516129
14196.983805668016
14196.983805668016
14186.701612903225
14165.951612903225
14145.439516129032
14124.625
14103.826612903225
14094.141700404858
14094.141700404858
14083.161290322581
14062.443548387097
14051.783132530121
14030.967871485944
14009.413654618475
13999.116935483871
13999.116935483871
13987.787148594378
13966.787148594378
13946.481927710844
13926.562248995984
13906.441767068272
13896.959677419354
13896.959677419354
13886.184738955822
13865.951807228916
13845.096385542169
13824.361445783132
13803.321285140562
13794.927419354839
13794.927419354839
13783.995983935743
13765.277108433735
13746.899598393575
13729.192771084337
13710.658634538153
13702.137096774193
13702.137096774193
13692.064257028112
13673.425702811244
13654.582329317269
13644.612
13626.172
13617.63453815261
13617.63453815261
13606.768
13586.032
13564.808
13543.824
13523.784
13515.076305220884
13515.076305220884
13504.088
13484.584
13464.496
13444.176
13423.956
13414.277108433735
13414.277108433735
13403.048
13382.364
13361.364
13339.688
13317.944
13307.91967871486
13307.91967871486
13296.22
13273.932
13251.992
13231.132
13209.288
13199.100401606425
13199.100401606425
13187.28
13164.912
13141.672
13118.26
13094.036
13083.124497991968
13083.124497991968
13070.68
13047.092
13024.608
13002.252
12979.96
12968.831325301206
12968.831325301206
12957.524
12934.96
12912.444
12890.056
12867.064
12856.160642570281
12856.160642570281
12843.056
12819.276
12795.184
12770.096
12760.305220883534
12750.479838709678
12750.479838709678
12735.574297188756
12711.20080321285
12687.746987951807
12663.044176706828
12637.803212851406
12628.588709677419
12628.588709677419
12614.562248995984
12592.333333333334
12579.496
12557.496
12535.052
12525.385542168675
12525.385542168675
12512.288
12489.792
12467.976
12446.328
12425.516
12416.646586345381
12416.646586345381
12416.646586345381
12397.481927710844
12376.032128514056
12364.048
12342.564
12333.95983935743
12333.95983935743
12321.24
12301.128
12280.252
12267.107569721116
12247.04780876494
12238.6
12238.6
12226.756972111554
12204.346613545817
12181.812749003984
12181.812749003984
12159.85657370518
12151.256
12151.256
12151.256
12128.364
12103.864
12079.756
12069.301204819278
12058.947580645161
12058.947580645161
12042.979919678715
12042.979919678715
12016.417670682731
11991.947791164659
11965.586345381525
11965.586345381525
11965.586345381525
11952.364
11928.9
11904.872
11877.88
11849.064
11837.469879518072
11837.469879518072
11825.1
11799.176
11774.82
11751.804
11728.952
11716.100401606425
11716.100401606425
11709.056
11687.296
11682.398406374503
11668.432
11649.844
11636.56626506024
11636.56626506024
11633.976
11619.3
11603.984
11588.216
11573.068
11560.265060240963
11560.265060240963
11558.828
11547.244
11533.568
11520.828
11509.316
11496.602409638554
11496.602409638554
11496.602409638554
11484.951807228916
11472.931726907631
11460.016064257028
11446.89156626506
11431.298387096775
11431.298387096775
11434.036144578313
11422.032128514056
11410.096385542169
11398.052208835341
11385.69076305221
11370.65322580645
11370.65322580645
11373.574297188756
11362.381526104418
11351.112449799197
11339.827309236947
11328.020080321285
11316.112903225807
11317.497991967872
11320.076
11313.68
11306.928
11299.28
11302.545816733067
11290.804
11290.804
11294.617529880477
11285.88844621514
11275.99203187251
11266.131474103586
11256.980079681274
11244.884
11244.884
11249.294820717132
11241.01593625498
11232.043824701195
11223.27091633466
11214.370517928286
11201.292
11201.292
11205.494023904383
11197.0
11188.585657370519
11180.243027888446
11171.454183266933
11159.612
11159.612
11163.860557768925
11156.94422310757
11149.776892430278
11142.553784860558
11135.87250996016
11124.924
11124.924
11129.386454183266
11133.34126984127
11122.920318725099
11117.394422310757
11112.597609561753
11103.736
11103.736
11108.386454183266
11102.406374501992
11096.354581673308
11090.310756972112
11084.278884462152
11074.384
11074.384
11078.414342629481
11072.27091633466
11066.02390438247
11059.358565737051
11053.561752988047
11044.356
11044.356
11047.848605577688
11042.908366533864
11038.565737051793
11034.107569721116
11029.880478087649
11029.880478087649
11029.880478087649
11033.952380952382
11030.710317460318
11027.190476190477
11023.932539682539
11020.035714285714
11012.442231075696
11012.442231075696
11016.019841269841
11012.484126984127
11009.420634920634
11005.460317460318
11001.531746031746
11001.531746031746
11001.531746031746
10998.019841269841
10994.65873015873
10991.285714285714
10984.282868525896
10981.422310756972
10975.504
10975.504
10979.219123505976
10978.219123505976
10977.605577689243
10977.641434262949
10978.151394422312
10975.388
10975.388
10979.03187250996
10979.96812749004
10980.661354581673
10980.88844621514
10977.256
10976.696
10976.696
10979.11155378486
10977.725099601594
10976.561752988047
10975.171314741036
10971.488
10967.867469879518
10967.867469879518
10970.64
10969.936
10969.072
10966.9
10964.528
10960.650602409638
10960.650602409638
10962.028
10959.308
10957.224
10954.088353413654
10951.935742971888
10949.713709677419
10949.713709677419
10950.614457831325
10952.068
10950.204819277109
10950.654618473896
10951.666666666666
10950.556451612903
10950.556451612903
10952.81124497992
10954.903614457831
10957.453815261044
10959.289156626506
10961.084337349397
10959.91935483871
10959.91935483871
10961.180722891566
10957.967871485944
10955.253012048193
10952.092369477912
10950.012048192772
10948.036290322581
10948.036290322581
10948.546184738956
10946.610441767069
10944.947791164659
10943.604838709678
10942.338709677419
10940.668016194331
10940.668016194331
10940.689516129032
10938.729838709678
10935.975806451614
10933.0
10930.825910931175
10928.971544715447
10928.971544715447
10929.352226720648
10926.522267206477
10924.445344129555
10922.647773279352
10920.967611336033
10918.752032520326
10918.752032520326
10918.388663967611
10915.838056680162
10914.242914979757
10912.65991902834
10911.315789473685
10909.951219512195
10909.951219512195
10910.506072874494
10909.418699186992
10908.317073170732
10906.760162601626
10905.06530612245
10903.569672131147
10903.569672131147
10904.408163265307
10903.66530612245
10902.257142857143
10901.632653061224
10900.68163265306
10900.72131147541
10900.72131147541
10901.114285714286
10900.734693877552
10900.8
10900.322448979592
10899.869387755101
10898.922131147541
10898.922131147541
10900.49387755102
10900.730612244897
10900.959183673469
10901.771428571428
10902.522448979591
10902.032786885246
10902.032786885246
10904.142857142857
10906.979591836734
10910.848979591838
10915.110204081633
10919.114285714286
10919.594262295082
10919.594262295082
10922.175510204082
10925.497959183673
10928.293877551021
10931.763265306123
10934.861224489796
10935.565573770491
10935.565573770491
10939.138775510204
10944.604081632653
10950.175510204082
10956.216326530612
10962.595918367348
10965.262295081968
10965.262295081968
10968.620408163266
10974.57142857143
10980.93469387755
10987.020408163266
10992.032653061224
10994.823770491803
10994.823770491803
10997.8
11004.277551020408
11010.808163265307
11018.195918367346
11025.371428571429
11030.340163934427
11030.340163934427
11033.575510204082
11041.502040816327
11049.68163265306
11057.228571428572
11064.885714285714
11068.565573770491
11068.565573770491
11071.836734693878
11078.779591836736
11083.081967213115
11091.11475409836
11099.758196721312
11105.0
11105.0
11108.348360655738
11118.040983606557
11127.758196721312
11138.47131147541
11150.33606557377
11150.33606557377
11150.33606557377
11153.167346938775
11163.85306122449
11174.591836734693
11185.379591836734
11197.416326530612
11207.147540983606
11207.147540983606
11207.963265306122
11216.620408163266
11224.844897959183
11232.351020408163
11240.31836734694
11248.52049180328
11248.52049180328
11248.640816326531
11257.008163265305
11265.824489795918
11274.914285714285
11284.68163265306
11292.844262295082
11292.844262295082
11294.555102040817
11296.30081300813
11302.167346938775
11311.126530612244
11319.040983606557
11327.423868312757
11327.423868312757
11329.172131147541
11339.36475409836
11349.254098360656
11359.040983606557
11369.75
11378.427983539095
11378.427983539095
11378.427983539095
11388.658436213991
11398.561983471074
11410.388429752065
11411.539094650207
11421.53305785124
11421.53305785124
11422.444444444445
11423.155737704918
11433.290983606557
11445.27049180328
11456.795081967213
11456.795081967213
11456.795081967213
11457.644897959184
11471.991836734695
11472.68699186992
11486.752032520326
11499.239837398374
11512.375510204081
11512.375510204081
11512.825203252032
11524.654471544716
11536.052845528455
11548.922764227642
11563.365853658537
11579.502040816327
11579.502040816327
11579.0
11590.567346938775
11603.865306122449
11616.371428571429
11626.555102040817
11636.512295081968
11636.512295081968
11635.65306122449
11641.31836734694
11648.465306122449
11651.90612244898
11649.939024390244
11654.832653061225
11654.832653061225
11652.31300813008
11652.59349593496
11651.71544715447
11650.642276422765
11652.061224489797
11654.192622950819
11654.192622950819
11650.963265306122
11649.293877551021
11645.918367346938
11642.477551020409
11638.734693877552
11637.954918032787
11637.954918032787
11634.497959183673
11631.060975609756
11625.59349593496
11619.41056910569
11613.914634146342
11612.155102040817
11612.155102040817
11608.544715447155
11602.987804878048
11597.373983739837
11591.80487804878
11586.849593495936
11585.036734693878
11585.036734693878
11582.426829268292
11578.243902439024
11573.873983739837
11569.178861788618
11564.841463414634
11564.261224489795
11564.261224489795
11561.126530612244
11556.50612244898
11550.857142857143
11544.828571428572
11539.138775510204
11536.762295081968
11536.762295081968
11533.673469387755
11527.963265306122
11522.457142857143
11517.624489795919
11512.69387755102
11509.77868852459
11509.77868852459
11507.314285714287
11501.408163265307
11495.42857142857
11489.481632653062
11482.848979591838
11479.381147540984
11479.381147540984
11476.583673469388
11470.726530612244
11465.175510204082
11460.183673469388
11454.955102040816
11452.75
11452.75
11449.787755102041
11443.444897959183
11437.363265306123
11432.171428571428
11426.84081632653
11423.446721311475
11423.446721311475
11421.142857142857
11415.15918367347
11409.457142857143
11409.457142857143
11403.126530612244
11399.606557377048
11399.606557377048
11396.971428571429
11391.583673469388
11386.310204081632
11380.951020408163
11375.738775510205
11372.963114754099
11372.963114754099
11370.644897959184
11365.359183673469
11360.322448979592
11354.767346938776
11349.183673469388
11346.774590163934
11346.774590163934
11344.10612244898
11338.718367346939
11333.673469387755
11328.881632653061
11324.34693877551
11321.381147540984
11321.381147540984
11319.563265306122
11314.673469387755
11308.865306122449
11303.089795918368
11297.338775510205
11294.159836065573
11294.159836065573
11294.159836065573
11288.47131147541
11282.86475409836
11277.360655737704
11272.536885245901
11270.020576131687
11270.020576131687
11267.610655737704
11262.368852459016
11257.057377049181
11251.901639344262
11248.75918367347
11246.036885245901
11246.036885245901
11243.338775510205
11240.61475409836
11234.819672131147
11228.934426229509
11223.225409836066
11220.271604938273
11220.271604938273
11217.536885245901
11211.348360655738
11205.237704918032
11198.491803278688
11192.196721311475
11192.196721311475
11190.407407407407
11185.651639344262
11179.672131147541
11174.106557377048
11168.131147540984
11162.627049180328
11162.627049180328
11162.627049180328
11159.118367346939
11157.061475409837
11152.418032786885
11148.811475409837
11145.057377049181
11144.251028806584
11144.251028806584
11141.495901639344
11137.106557377048
11133.934426229509
11129.786885245901
11126.595918367348
11126.598360655738
11126.598360655738
11123.289795918367
11120.942857142858
11119.081632653062
11119.081632653062
11117.648979591837
11116.188524590163
11116.188524590163
11115.42857142857
11113.244897959185
11111.130612244899
11109.608163265306
11107.073469387755
11105.053278688525
11105.053278688525
11105.208163265306
11104.516393442624
11106.688524590163
11108.483606557376
11110.77868852459
11111.222222222223
11111.222222222223
11112.877049180328
11113.0329218107
11114.625514403293
11115.66255144033
11116.983606557376
11117.45267489712
11117.45267489712
11119.38524590164
11121.803278688525
11124.381147540984
11127.151639344262
11130.368852459016
11130.368852459016
11130.368852459016
11132.612244897959
11135.277551020408
11138.310204081632
11141.134693877551
11143.526530612246
11143.881147540984
11143.881147540984
11145.567346938775
11148.640816326531
11150.311475409837
11152.983606557376
11155.172131147541
11155.592592592593
11155.592592592593
11156.881147540984
11158.266393442624
11158.266393442624
11159.930327868853
11161.692622950819
11161.692622950819
11161.692622950819
11162.783673469388
11164.257142857143
11165.963265306122
11168.142857142857
11169.93469387755
11171.196721311475
11171.196721311475
11171.967346938776
11172.975510204082
11174.469387755102
11175.44081632653
11176.395918367347
11176.344262295082
11176.344262295082
11176.75918367347
11176.281632653061
11175.791836734694
11175.232653061224
11174.224489795919
11173.52049180328
11173.52049180328
11172.85306122449
11170.967346938776
11168.453061224489
11165.68163265306
11162.718367346939
11160.975409836066
11160.975409836066
11160.391836734694
11158.232653061224
11155.644897959184
11153.395918367347
11150.526530612246
11148.856557377048
11148.856557377048
11147.31836734694
11142.983673469387
11138.179591836735
11133.212244897959
11128.097959183673
11125.077868852459
11125.077868852459
11123.4
11118.50612244898
11113.730612244897
11109.330612244898
11105.110204081633
11102.676229508197
11102.676229508197
11101.526530612246
11097.514285714286
11093.191836734693
11089.18775510204
11085.546938775511
11083.143442622952
11083.143442622952
11082.057142857142
11077.914285714285
11073.595918367348
11069.25306122449
11064.44081632653
11060.926229508197
11060.926229508197
11059.726530612244
11055.228571428572
11050.497959183673
11048.638211382115
11042.975609756097
11038.710204081633
11038.710204081633
11037.317073170732
11032.49593495935
11027.085365853658
11022.09349593496
11017.052845528455
11013.351020408163
11013.351020408163
11011.69105691057
11006.280487804877
11001.292682926829
10996.41056910569
10991.560975609756
10988.14693877551
10988.14693877551
10986.552845528455
10983.605691056911
10981.508130081302
10980.060975609756
10978.369918699187
10977.677551020408
10977.677551020408
10976.979674796748
10974.69512195122
10972.418699186992
10969.80894308943
10966.630081300813
10964.05306122449
10964.05306122449
10962.646341463415
10958.447154471545
10954.357723577235
10954.357723577235
10950.256097560976
10950.256097560976
10950.256097560976
10949.21052631579
10944.607287449393
10940.271255060728
10935.76923076923
10931.757085020243
10929.065040650406
10929.065040650406
10927.587044534414
10926.125
10921.181451612903
10919.682730923694
10914.626506024097
10911.5
10911.5
10909.767068273093
10905.008032128513
10900.273092369478
10895.526104417671
10890.33734939759
10887.459677419354
10887.459677419354
10885.224899598394
10879.843373493975
10873.939759036144
10868.325301204819
10862.293172690763
10859.040322580646
10859.040322580646
10859.040322580646
10855.947368421053
10850.04858299595
10844.943319838058
10839.465587044535
10837.373983739837
10837.373983739837
10833.975708502025
10828.542510121457
10825.826612903225
10820.193548387097
10814.395161290322
10811.773279352226
10811.773279352226
10809.286290322581
10804.987903225807
10801.225806451614
10797.536290322581
10793.987903225807
10792.473684210527
10792.473684210527
10790.189516129032
10786.991935483871
10783.34677419355
10780.104838709678
10777.568548387097
10777.568548387097
10777.568548387097
10777.568548387097
10775.935483870968
10774.725806451614
10773.709677419354
10772.689516129032
10772.255060728745
10772.255060728745
10771.120967741936
10769.47177419355
10767.891129032258
10766.379032258064
10765.467741935483
10765.975708502025
10765.975708502025
10764.709677419354
10763.987903225807
10762.995967741936
10762.874493927126
10761.692307692309
10761.178861788618
10761.178861788618
10759.935222672064
10758.449392712551
10756.04858299595
10753.765182186235
10752.680161943319
10752.032520325203
10752.032520325203
10752.064777327936
10752.562753036438
10753.36032388664
10754.971659919029
10756.906882591093
10757.296747967479
10757.296747967479
10757.296747967479
10758.471544715447
10759.434959349594
10760.459349593495
10760.638211382115
10759.820408163265
10759.820408163265
10760.365853658537
10760.00406504065
10759.528455284553
10758.756097560976
10758.166666666666
10758.25306122449
10758.25306122449
10757.939024390244
10757.357723577235
10756.58943089431
10755.703252032521
10754.975609756097
10754.910204081632
10754.910204081632
10754.109756097561
10753.203252032521
10752.272357723577
10750.849593495936
10748.918699186992
10748.457142857143
10748.457142857143
10747.569105691056
10746.016260162602
10744.841463414634
10744.036585365853
10744.036585365853
10744.367346938776
10744.367346938776
10743.345528455284
10742.069105691056
10740.008130081302
10737.959349593495
10735.845528455284
10735.224489795919
10735.224489795919
10733.58943089431
10731.341463414634
10728.90650406504
10726.886178861789
10725.963414634147
10726.93469387755
10726.93469387755
10725.056910569107
10722.914634146342
10720.650406504064
10717.951219512195
10714.934959349594
10714.248979591837
10714.248979591837
10711.837398373984
10709.19512195122
10707.174796747968
10705.719512195123
10704.556910569107
10704.869387755101
10704.869387755101
10703.585365853658
10702.145748987854
10701.400809716599
10700.291497975708
10698.842105263158
10698.581300813008
10698.581300813008
10696.8987854251
10695.004048582996
10692.987854251012
10691.40890688259
10689.959514170041
10690.80487804878
10690.80487804878
10689.307692307691
10688.186234817813
10686.633064516129
10685.633064516129
10685.314516129032
10685.967611336033
10685.967611336033
10685.024193548386
10684.5
10684.741935483871
10684.536290322581
10685.201612903225
10686.963562753037
10686.963562753037
10685.495967741936
10686.758064516129
10687.447580645161
10687.379032258064
10687.532258064517
10689.323886639677
10689.323886639677
10689.323886639677
10688.688259109313
10686.758064516129
10685.875
10684.447580645161
10685.145748987854
10685.145748987854
10683.056451612903
10681.540322580646
10680.532258064517
10678.741935483871
10677.479838709678
10678.813765182187
10678.813765182187
10675.991935483871
10674.266129032258
10671.504032258064
10667.475806451614
10667.475806451614
10666.097165991903
10666.097165991903
10662.556451612903
10657.870967741936
10652.862903225807
10648.09677419355
10643.27822580645
10641.967611336033
10641.967611336033
10639.233870967742
10635.112903225807
10633.128514056225
10628.763052208835
10624.244979919678
10621.209677419354
10621.209677419354
10619.056224899598
10613.317269076306
10611.18
10606.076
10600.952
10597.590361445784
10597.590361445784
10594.936
10588.296
10581.816
10575.72
10569.288
10565.220883534137
10565.220883534137
10562.856
10555.804
10548.636
10541.056
10533.752
10529.104417670682
10529.104417670682
10529.104417670682
10522.277108433735
10515.329317269076
10512.328
10505.064
10500.863453815262
10500.863453815262
10498.208
10491.944
10485.992
10485.992
10479.428
10475.911646586346
10475.911646586346
10472.848
10466.412
10460.164
10454.276
10448.948
10445.180722891566
10445.180722891566
10443.664
10438.276
10433.624
10428.696
10423.58
10419.983935742972
10419.983935742972
10418.36
10413.328
10408.74
10404.068
10399.396
10396.646586345381
10396.646586345381
10394.72
10390.172
10385.94
10381.328
10376.956
10374.710843373494
10374.710843373494
10372.756
10368.248
10363.42
10358.772
10354.068
10352.068273092369
10352.068273092369
10349.32
10344.928
10340.48
10335.856
10331.52
10330.212851405622
10330.212851405622
10326.972
10322.132
10317.74
10313.1
10311.269076305221
10309.451612903225
10309.451612903225
10306.497991967872
10301.71485943775
10297.265060240963
10292.77108433735
10288.5421686747
10286.483870967742
10286.483870967742
10283.678714859438
10278.70281124498
10273.923694779116
10268.903614457831
10263.979919678715
10261.875
10261.875
10259.489959839357
10254.991967871487
10250.55421686747
10246.349397590362
10242.66265060241
10241.108870967742
10241.108870967742
10238.746987951807
10234.409638554216
10229.931726907631
10225.955823293172
10221.82329317269
10219.943548387097
10219.943548387097
10217.43373493976
10213.032128514056
10208.401606425703
10204.208835341366
10199.79919678715
10198.524193548386
10198.524193548386
10195.425702811244
10190.738955823294
10186.092369477912
10181.156626506025
10175.710843373494
10173.16935483871
10173.16935483871
10170.064257028112
10164.506024096385
10159.248995983935
10153.526104417671
10147.89156626506
10145.604838709678
10145.604838709678
10142.14859437751
10137.092369477912
10131.598393574297
10125.955823293172
10125.955823293172
10123.483870967742
10123.483870967742
10120.192771084337
10114.77108433735
10109.686746987953
10104.610441767069
10099.0
10097.04435483871
10097.04435483871
10093.116465863453
10087.381526104418
10081.510040160643
10075.803212851406
10070.144578313253
10068.298387096775
10068.298387096775
10068.298387096775
10062.935483870968
10057.875
10053.116935483871
10048.193548387097
10046.854251012146
10046.854251012146
10043.431451612903
10039.116935483871
10034.842741935483
10034.465587044535
10030.384615384615
10029.650406504064
10029.650406504064
10026.182186234817
10022.741935483871
10019.208835341366
10015.140562248997
10010.56626506024
10010.084677419354
10010.084677419354
10006.461847389559
10002.79919678715
9998.44578313253
9994.293172690763
9990.28514056225
9989.866935483871
9989.866935483871
9986.534136546185
9982.349397590362
9977.224899598394
9971.911646586346
9970.08064516129
9968.255060728745
9968.255060728745
9964.084677419354
9958.84677419355
9953.532258064517
9948.661290322581
9943.475806451614
9941.797570850202
9941.797570850202
9937.584677419354
9933.413654618475
9927.33734939759
9920.859437751003
9914.20080321285
9911.508064516129
9911.508064516129
9911.508064516129
9905.25
9899.379032258064
9893.370967741936
9887.399193548386
9885.412955465586
9885.412955465586
9881.120967741936
9874.370967741936
9867.02822580645
9860.141129032258
9855.903614457831
9853.149193548386
9853.149193548386
9848.89156626506
9842.160642570281
9834.903614457831
9828.044176706828
9821.22891566265
9817.822580645161
9817.822580645161
9813.493975903615
9805.357429718875
9796.12048192771
9786.216867469879
9776.510040160643
9771.052419354839
9771.052419354839
9766.5140562249
9766.5140562249
9756.606425702812
9746.12048192771
9735.30923694779
9730.34677419355
9730.34677419355
9724.79919678715
9714.923694779116
9705.28514056225
9695.686746987953
9686.497991967872
9682.245967741936
9682.245967741936
9677.096385542169
9667.963855421687
9658.843373493975
9649.429718875503
9639.787148594378
9635.822580645161
9635.822580645161
9630.22891566265
9621.052208835341
9611.759036144578
9602.718875502009
9593.630522088353
9590.237903225807
9590.237903225807
9584.59437751004
9574.847389558234
9565.036144578313
9555.164658634538
9544.630522088353
9544.630522088353
9544.630522088353
9538.392
9528.336
9518.82
9509.372
9499.936
9496.369477911647
9496.369477911647
9490.94
9482.22
9473.94
9466.056
9457.776
9454.305220883534
9454.305220883534
9449.532
9441.456
9433.2
9425.596
9417.636
9414.787148594378
9414.787148594378
9409.472
9401.756
9393.748
9384.872
9375.896
9371.787148594378
9371.787148594378
9366.756
9357.06
9347.8
9338.44
9328.852
9324.95983935743
9324.95983935743
9319.956
9311.14
9302.728
9294.688
9291.10843373494
9287.34677419355
9287.34677419355
9283.36546184739
9276.152610441766
9268.618473895582
9261.550200803213
9254.10843373494
9249.282258064517
9249.282258064517
9246.004016064257
9238.100401606425
9230.43373493976
9223.14859437751
9218.665322580646
9211.657258064517
9211.657258064517
9209.353413654619
9202.493975903615
9195.55421686747
9189.112449799197
9183.092369477912
9179.056451612903
9179.056451612903
9177.104417670682
9175.192
9169.244
9163.112
9156.256
9151.943775100402
9151.943775100402
9149.668
9143.292
9139.465863453815
9136.060483870968
9130.786290322581
9127.315789473685
9127.315789473685
9125.58064516129
9120.459677419354
9115.842741935483
9111.225806451614
9106.70564516129
9106.70564516129
9106.70564516129
9104.71485943775
9099.907630522088
9095.79919678715
9091.666666666666
9087.056224899598
9083.891129032258
9083.891129032258
9082.875502008032
9078.469879518072
9073.072289156626
9067.586345381525
9062.208835341366
9057.810483870968
9057.810483870968
9056.69076305221
9051.29718875502
9045.835341365462
9041.66935483871
9036.112903225807
9032.186234817813
9032.186234817813
9031.516129032258
9027.556451612903
9023.475806451614
9019.552419354839
9015.777327935222
9012.134146341463
9012.134146341463
9011.311740890687
9006.453441295547
9001.874493927126
8997.25910931174
8992.445344129555
8988.707317073171
8988.707317073171
8987.02024291498
8985.427419354839
8980.560483870968
8975.641129032258
8971.060483870968
8967.890688259109
8967.890688259109
8966.673387096775
8961.979838709678
8956.818548387097
8951.758064516129
8951.758064516129
8948.348178137652
8948.348178137652
8947.233870967742
8942.725806451614
8937.70564516129
8932.745967741936
8927.637096774193
8923.064777327936
8923.064777327936
8922.09677419355
8915.987903225807
8910.064516129032
8904.181451612903
8898.22177419355
8893.449392712551
8893.449392712551
8892.41935483871
8886.983870967742
8881.318548387097
8875.552419354839
8870.193548387097
8865.757085020243
8865.757085020243
8864.447580645161
8858.782258064517
8853.508064516129
8847.979838709678
8842.661290322581
8838.319838056681
8838.319838056681
8837.120967741936
8831.79435483871
8826.262096774193
8821.040322580646
8815.72177419355
8811.854251012146
8811.854251012146
8809.883064516129
8804.52822580645
8801.008097165992
8795.736842105263
8790.704453441296
8787.353658536585
8787.353658536585
8785.493927125506
8780.502024291498
8775.238866396761
8769.716599190284
8763.97975708502
8763.97975708502
8763.97975708502
8761.254032258064
8755.995967741936
8750.241935483871
8744.540322580646
8738.834677419354
8735.117408906883
8735.117408906883
8732.838709677419
8727.0
8721.467741935483
8715.379032258064
8709.34677419355
8705.676113360323
8705.676113360323
8703.516129032258
8697.608870967742
8692.068548387097
8686.435483870968
8680.645161290322
8676.61943319838
8676.61943319838
8674.77822580645
8668.991935483871
8663.197580645161
8657.306451612903
8651.475806451614
8647.61943319838
8647.61943319838
8645.637096774193
8639.483870967742
8633.133064516129
8626.633064516129
8619.959677419354
8616.647773279352
8616.647773279352
8613.149193548386
8606.520161290322
8600.233870967742
8593.641129032258
8586.979838709678
8583.506072874494
8583.506072874494
8580.40322580645
8574.354838709678
8568.008064516129
8561.879032258064
8556.032258064517
8552.963562753037
8552.963562753037
8549.657258064517
8543.407258064517
8536.741935483871
8530.435483870968
8524.354838709678
8524.354838709678
8524.354838709678
8521.642570281125
8515.791164658634
8510.317269076306
8504.738955823294
8498.911646586346
8496.016129032258
8496.016129032258
8493.618473895582
8488.77108433735
8483.863453815262
8481.366935483871
8476.564516129032
8473.882591093117
8473.882591093117
8473.882591093117
8473.882591093117
8468.61943319838
8462.566801619434
8456.226720647774
8453.280487804877
8453.280487804877
8449.643724696356
8442.955465587045
8436.287449392712
8429.55870445344
8426.850806451614
8423.57085020243
8423.57085020243
8420.70564516129
8414.91935483871
8409.120967741936
8402.887096774193
8396.899193548386
8394.275303643724
8394.275303643724
8394.275303643724
8391.373983739837
8385.80487804878
8380.455284552845
8374.69512195122
8371.628571428571
8371.628571428571
8368.508130081302
8361.80894308943
8355.081300813008
8348.479674796748
8342.182926829268
8342.182926829268
8342.182926829268
8338.813765182187
8332.95141700405
8327.2995951417
8321.473684210527
8318.934959349594
8316.30612244898
8316.30612244898
8312.926829268292
8307.146341463415
8300.922764227642
8293.918699186992
8286.227642276423
8283.738775510205
8283.738775510205
8278.638211382115
8273.34008097166
8265.562753036438
8258.206477732794
8251.433198380566
8248.882113821139
8248.882113821139
8244.676113360323
8238.076923076924
8231.315789473685
8224.53036437247
8217.931174089068
8215.544715447155
8215.544715447155
8210.542510121457
8203.186234817813
8196.858299595142
8190.902834008097
8185.311740890688
8182.808943089431
8182.808943089431
8180.0
8174.5910931174085
8169.032388663968
8163.927125506073
8159.854251012146
8157.934959349594
8157.934959349594
8155.526315789473
8150.599190283401
8147.721774193548
8145.882591093117
8141.676113360324
8140.662601626016
8140.662601626016
8137.753036437247
8133.4089068825915
8128.85020242915
8124.8744939271255
8120.635627530364
8119.451219512195
8119.451219512195
8116.688259109312
8113.19028340081
8109.7692307692305
8106.246963562753
8103.311740890688
8102.772357723577
8102.772357723577
8100.740890688259
8098.008097165992
8095.854251012146
8094.210526315789
8092.587044534413
8092.235772357723
8092.235772357723
8091.712550607287
8090.744939271255
8089.906882591094
8089.477732793523
8089.044534412956
8089.780487804878
8089.780487804878
8089.780487804878
8089.276422764227
8088.8130081300815
8087.695121951219
8086.6869918699185
8086.616326530612
8086.616326530612
8085.292682926829
8084.09349593496
8082.455284552845
8080.495934959349
8078.174796747968
8077.8
8077.8
8075.8983739837395
8073.548780487805
8070.971544715447
8069.341463414634
8067.804878048781
8067.559183673469
8067.559183673469
8066.3943089430895
8065.491869918699
8064.430894308943
8063.333333333333
8062.491869918699
8062.2326530612245
8062.2326530612245
8061.743902439024
8060.804878048781
8061.195918367347
8060.371428571429
8059.74693877551
8060.2827868852455
8060.2827868852455
8059.448979591837
8058.502040816326
8057.081632653061
8055.963265306123
8054.730612244898
8054.730612244898
8054.730612244898
8053.540650406504
8052.551020408163
8049.693877551021
8047.044897959184
8044.481632653061
8042.627049180328
8042.627049180328
8042.265306122449
8040.314285714286
8038.502040816326
8036.648979591837
8034.297959183674
8034.297959183674
8031.877049180328
8032.012244897959
8029.861224489796
8028.0489795918365
8026.4857142857145
8024.7265306122445
8021.926229508197
8021.926229508197
8023.040816326531
8020.295081967213
8018.459016393443
8016.827868852459
8015.180327868852
8013.102880658436
8013.102880658436
8014.024590163935
8012.368852459016
8010.459016393443
8010.9510204081635
8011.487804878048
8008.644897959183
8008.644897959183
8009.378048780488
8007.069105691057
8004.90650406504
8002.504065040651
7999.861788617886
7996.848979591837
7996.848979591837
7996.848979591837
7994.151020408163
7991.526530612245
7987.844897959184
7984.126530612245
7981.098360655737
7981.098360655737
7981.098360655737
7977.151639344263
7972.963114754099
7969.008196721312
7965.737704918033
7962.271604938272
7962.271604938272
7962.348360655737
7958.9876543209875
7955.518518518518
7951.827160493827
7951.5
7948.358024691358
7948.358024691358
7947.704918032787
7943.286885245901
7938.639344262295
7933.602459016393
7927.926229508197
7927.926229508197
7927.926229508197
7926.812244897959
7922.787755102041
7918.473469387755
7914.3877551020405
7911.2326530612245
7908.381147540984
7908.381147540984
7908.759183673469
7906.212244897959
7902.942857142857
7899.8
7896.440816326531
7893.438524590164
7893.438524590164
7895.09387755102
7893.8938775510205
7893.167346938775
7892.522448979592
7891.848979591837
7891.848979591837
7891.848979591837
7894.3943089430895
7893.1056910569105
7892.117886178862
7891.658536585366
7891.036585365854
7887.689795918367
7887.689795918367
7890.4390243902435
7890.052845528456
7890.117886178862
7890.004065040651
7889.682926829269
7886.636734693878
7886.636734693878
7889.260162601626
7888.378048780488
7887.195121951219
7886.065040650406
7885.134146341464
7882.073469387755
7882.073469387755
7884.670731707317
7884.865853658536
7885.365853658536
7885.219512195122
7885.524390243902
7882.983673469388
7882.983673469388
7885.934959349594
7886.207317073171
7886.036585365854
7885.772357723577
7885.5203252032525
7883.1469387755105
7883.1469387755105
7885.085365853659
7885.1056910569105
7885.211382113821
7887.740890688259
7888.497975708502
7886.540650406504
7886.540650406504
7888.95951417004
7889.429149797571
7890.101214574899
7890.765182186235
7891.538461538462
7890.715447154472
7890.715447154472
7892.700404858299
7893.955465587044
7894.31983805668
7895.04048582996
7895.582995951417
7894.191056910569
7894.191056910569
7895.526315789473
7895.542510121458
7895.344129554656
7894.700404858299
7894.315789473684
7893.4390243902435
7893.4390243902435
7893.797570850203
7892.967611336032
7892.647773279352
7891.631578947368
7890.7327935222675
7889.471544715447
7889.471544715447
7890.380566801619
7890.016194331984
7889.68016194332
7889.9109311740895
7891.016194331984
7889.849593495935
7889.849593495935
7892.048582995952
7892.708502024291
7893.781376518219
7895.421052631579
7897.939271255061
7898.617886178862
7898.617886178862
7900.882591093117
7903.603238866397
7906.194331983806
7908.1983805668015
7910.153846153846
7910.357723577235
7910.357723577235
7911.781376518219
7913.441295546559
7914.797570850203
7915.923076923077
7917.6963562753035
7917.90650406504
7917.90650406504
7919.012145748988
7920.323886639676
7921.789473684211
7924.291497975709
7926.655870445344
7927.150406504065
7927.150406504065
7927.150406504065
7928.5
7930.09349593496
7931.337398373984
7932.357723577235
7932.673469387755
7932.673469387755
7934.1869918699185
7936.215447154472
7938.317073170731
7940.19918699187
7942.255060728745
7942.369918699187
7942.369918699187
7945.056680161943
7948.125
7951.345381526105
7951.754032258064
7956.294354838709
7957.44939271255
7957.44939271255
7960.7661290322585
7965.697580645161
7970.407258064516
7974.625
7978.883064516129
7979.777327935222
7979.777327935222
7979.777327935222
7980.861788617886
7984.308943089431
7987.382113821138
7991.0203252032525
7992.555102040817
7992.555102040817
7993.971544715447
7995.380566801619
7997.5362903225805
8000.866935483871
8004.237903225807
8005.453441295546
8005.453441295546
8007.729838709677
8011.883064516129
8016.612903225807
8021.552419354839
8026.282258064516
8028.259109311741
8028.259109311741
8030.754032258064
8035.8588709677415
8040.75
8045.512096774193
8050.637096774193
8050.637096774193
8050.637096774193
8050.637096774193
8056.491935483871
8062.326612903225
8068.8911290322585
8075.883064516129
8080.291497975709
8083.600806451613
8086.654618473895
8093.29718875502
8100.5140562249
8107.518072289156
8114.1244979919675
8117.673387096775
8117.673387096775
8120.546184738956
8127.313253012048
8134.052208835341
8138.189516129032
8145.290322580645
8149.271255060728
8149.271255060728
8151.915322580645
8158.895161290323
8165.552419354839
8170.995967741936
8175.947580645161
8179.141700404858
8179.141700404858
8181.084677419355
8186.012096774193
8191.330645161291
8196.95564516129
8202.366935483871
8204.987854251012
8204.987854251012
8207.41935483871
8213.020161290322
8219.02822580645
8224.967741935483
8224.967741935483
8228.161943319838
8228.161943319838
8230.608870967742
8236.008064516129
8241.866935483871
8247.45564516129
8251.951612903225
8255.599190283401
8255.599190283401
8256.637096774193
8260.899193548386
8263.887096774193
8266.858870967742
8270.137096774193
8273.0
8273.0
8273.04435483871
8275.59677419355
8277.75
8279.306451612903
8281.701612903225
8283.688259109313
8283.688259109313
8284.137096774193
8285.431451612903
8286.786290322581
8288.20564516129
8289.487903225807
8290.963562753037
8290.963562753037
8290.59677419355
8290.59677419355
8291.858870967742
8293.479838709678
8295.649193548386
8297.518218623482
8297.518218623482
8297.225806451614
8298.83064516129
8299.576612903225
8300.854838709678
8302.947580645161
8305.59109311741
8305.59109311741
8305.262096774193
8308.012096774193
8310.72177419355
8313.657258064517
8316.629032258064
8318.862348178138
8318.862348178138
8319.745967741936
8322.90322580645
8325.616935483871
8328.008064516129
8330.431451612903
8332.032388663967
8332.032388663967
8333.064516129032
8335.290322580646
8337.677419354839
8338.180722891566
8340.987951807228
8342.97177419355
8342.97177419355
8343.510040160643
8345.698795180722
8347.867469879518
8350.654618473896
8353.036144578313
8355.241935483871
8355.241935483871
8355.37751004016
8357.767068273093
8357.868
8360.016
8362.26
8364.056224899598
8364.056224899598
8363.948
8365.59437751004
8367.132530120482
8368.451612903225
8369.516129032258
8370.80971659919
8370.80971659919
8370.612903225807
8371.032258064517
8370.947580645161
8370.366935483871
8369.395161290322
8369.838056680162
8369.838056680162
8369.838056680162
8368.7004048583
8367.193548387097
8365.887096774193
8364.34677419355
8364.708502024292
8364.708502024292
8362.34677419355
8360.370967741936
8361.105263157895
8360.121457489879
8359.121457489879
8360.0
8360.0
8357.971659919029
8357.044534412955
8355.882591093117
8354.566801619434
8355.390243902439
8356.355102040816
8356.355102040816
8356.355102040816
8356.355102040816
8356.33469387755
8356.4
8356.869387755101
8359.172131147541
8359.172131147541
8357.575510204082
8355.760162601626
8356.30487804878
8357.00406504065
8358.361788617885
8359.918367346938
8359.918367346938
8358.947154471545
8359.487804878048
8357.931174089068
8358.064777327936
8358.927125506072
8360.90650406504
8360.90650406504
8359.87044534413
8361.068825910932
8362.307692307691
8363.65991902834
8365.623481781377
8368.90650406504
8368.90650406504
8367.761133603239
8369.542510121457
8370.72064777328
8372.202429149798
8373.182186234817
8374.817073170732
8374.817073170732
8374.817073170732
8374.626016260163
8374.577235772358
8375.036585365853
8375.142276422765
8377.453061224489
8377.453061224489
8375.565040650406
8373.90650406504
8371.886178861789
8369.455284552845
8367.048780487805
8366.6
8366.6
8366.6
8363.632653061224
8361.118367346939
8358.579591836735
8355.163265306122
8354.467213114754
8354.467213114754
8351.257142857143
8347.522448979591
8343.783673469388
8340.432653061225
8337.032653061224
8336.188524590163
8336.188524590163
8333.191836734693
8329.881632653061
8327.310204081632
8327.11475409836
8324.70081967213
8324.551440329218
8324.551440329218
8322.360655737704
8319.52868852459
8316.274590163934
8312.725409836066
8309.262295081968
8308.053497942386
8308.053497942386
8305.409836065573
8301.438524590163
8297.405737704918
8293.319672131147
8289.22131147541
8288.522633744857
8288.522633744857
8285.122950819672
8281.872950819672
8278.827868852459
8275.795081967213
8272.831967213115
8271.80658436214
8271.80658436214
8269.672131147541
8266.516393442624
8263.569672131147
8260.213114754099
8257.110655737704
8256.860082304527
8256.860082304527
8253.790983606557
8250.151639344262
8246.754098360656
8243.557377049181
8239.918032786885
8239.45267489712
8239.45267489712
8236.467213114754
8233.66393442623
8231.139344262296
8229.254098360656
8227.147540983606
8228.028806584362
8228.028806584362
8225.217213114754
8223.852459016394
8222.463114754099
8220.545081967213
8219.036885245901
8219.75720164609
8219.75720164609
8217.147540983606
8214.524590163934
8211.540983606557
8208.590163934427
8205.008196721312
8204.069958847736
8204.069958847736
8200.073770491803
8195.16393442623
8191.106557377049
8186.94262295082
8182.926229508197
8182.156378600823
8182.156378600823
8178.815573770492
8173.9713114754095
8169.180327868852
8164.475409836065
8159.959016393443
8159.082304526749
8159.082304526749
8155.163934426229
8150.495901639344
8145.922131147541
8141.303278688524
8136.745901639344
8135.971193415638
8135.971193415638
8130.733606557377
8124.454918032787
8118.696721311476
8113.0327868852455
8106.372950819672
8105.448559670782
8105.448559670782
8099.663934426229
8099.663934426229
8093.577868852459
8087.331967213115
8081.086065573771
8080.543209876543
8080.543209876543
8075.2213114754095
8074.275720164609
8067.864197530864
8061.222222222223
8054.802469135802
8053.177685950413
8053.177685950413
8053.177685950413
8045.628099173554
8037.235537190083
8028.900826446281
8028.900826446281
8025.560165975104
8025.560165975104
8020.396694214876
8012.198347107438
8004.00826446281
8001.0622406639
7992.908713692946
7990.133333333333
7990.133333333333
7984.755186721992
7979.5950413223145
7974.543209876543
7966.868312757201
7959.514403292181
7957.3140495867765
7957.3140495867765
7952.119341563786
7945.123456790124
7937.958847736625
7929.971193415638
7921.909465020576
7919.3140495867765
7913.448559670782
7907.627049180328
7899.073770491803
7890.426229508197
7881.536885245901
7878.074074074074
7874.954545454545
7874.954545454545
7869.3127572016465
7860.448559670782
7851.148148148148
7842.14403292181
7833.19341563786
7829.380165289256
7829.380165289256
7824.01646090535
7818.184426229508
7807.491803278688
7796.733606557377
7785.360655737705
7780.543209876543
7780.543209876543
7769.740740740741
7765.301652892562
7755.198347107438
7744.590909090909
7733.946280991736
7729.7136929460585
7729.7136929460585
7723.206611570248
7711.876033057852
7700.5413223140495
7689.210743801653
7682.559670781893
7677.9049586776855
7677.9049586776855
7671.197530864198
7659.658436213992
7648.847736625515
7638.292181069959
7627.954732510288
7624.243801652892
7624.243801652892
7617.818930041152
7607.01646090535
7595.950617283951
7584.744855967078
7573.407407407408
7568.351239669421
7568.351239669421
7562.263374485597
7551.008230452675
7539.3539094650205
7527.880658436214
7516.460905349794
7516.460905349794
7516.460905349794
7511.336065573771
7501.131147540984
7491.200819672131
7481.299180327869
7471.495901639344
7467.057613168724
7467.057613168724
7462.11475409836
7453.118852459016
7444.209016393443
7435.86475409836
7427.55737704918
7423.872427983539
7423.872427983539
7418.737704918033
7410.065573770492
7401.622950819672
7393.672131147541
7385.737704918033
7381.6543209876545
7381.6543209876545
7376.856557377049
7367.946721311476
7359.819672131148
7351.713114754099
7343.69262295082
7339.979423868313
7339.979423868313
7335.770491803279
7327.893442622951
7327.893442622951
7320.081967213115
7311.954918032787
7307.79012345679
7307.79012345679
7303.553278688524
7295.11475409836
7287.1557377049185
7279.4098360655735
7271.569672131148
7267.6707818930045
7267.6707818930045
7263.163934426229
7255.020491803279
7246.88524590164
7238.5942622950815
7230.491803278688
7225.522633744856
7225.522633744856
7221.561475409836
7212.147540983607
7202.295081967213
7192.7213114754095
7183.266393442623
7177.621399176955
7177.621399176955
7173.516393442623
7163.2827868852455
7153.295081967213
7143.393442622951
7133.770491803279
7128.024691358025
7128.024691358025
7123.381147540984
7113.225409836065
7103.88524590164
7094.954918032787
7085.790983606557
7080.259259259259
7080.259259259259
7080.259259259259
7070.658436213992
7060.913580246914
7051.181069958848
7041.781893004115
7036.400826446281
7036.400826446281
7032.711934156378
7023.864197530864
7020.549180327869
7012.004098360656
7012.004098360656
7003.7786885245905
7003.7786885245905
7000.934693877551
6992.677551020408
6984.848979591837
6977.216326530613
6969.355102040817
6965.168032786885
6965.168032786885
6961.816326530612
6958.573170731707
6951.109756097561
6943.821138211382
6936.817073170731
6932.971428571429
6932.971428571429
6929.947154471544
6922.8983739837395
6919.530612244898
6916.154471544715
6909.032520325203
6905.05306122449
6905.05306122449
6901.764227642277
6894.288617886179
6886.349593495935
6878.569105691057
6870.658536585366
6870.658536585366
6870.658536585366
6866.757085020243
6862.895161290323
6862.895161290323
6854.165322580645
6845.177419354839
6840.672064777328
6840.672064777328
6836.6088709677415
6828.197580645161
6819.979838709677
6811.471774193548
6802.8911290322585
6797.453441295546
6797.453441295546
6794.2862903225805
6786.197580645161
6777.2661290322585
6768.697580645161
6760.262096774193
6755.072874493927
6755.072874493927
6751.423387096775
6742.330645161291
6733.572580645161
6724.709677419355
6718.931174089069
6713.0203252032525
6713.0203252032525
6708.838056680162
6698.740890688259
6688.024291497975
6676.797570850203
6666.542510121458
6661.012195121952
6661.012195121952
6656.194331983806
6651.165322580645
6640.403225806452
6629.721774193548
6619.931451612903
6614.724696356276
6614.724696356276
6610.112903225807
6600.012096774193
6589.572580645161
6579.596774193548
6569.584677419355
6564.3036437246965
6564.3036437246965
6560.040322580645
6560.040322580645
6551.778225806452
6543.552419354839
6535.024193548387
6530.611336032389
6530.611336032389
6530.611336032389
6522.502024291498
6513.878542510121
6505.255060728745
6496.9109311740895
6492.089430894309
6492.089430894309
6488.789473684211
6481.1983805668015
6473.186234817814
6464.943319838057
6462.387096774193
6457.182186234818
6457.182186234818
6454.879032258064
6447.2862903225805
6439.866935483871
6432.939516129032
6425.939516129032
6420.846153846154
6420.846153846154
6419.2661290322585
6412.7137096774195
6405.991935483871
6399.262096774193
6393.229838709677
6388.935222672065
6388.935222672065
6387.403225806452
6381.258064516129
6374.197580645161
6367.237903225807
6359.931451612903
6354.153846153846
6354.153846153846
6352.189516129032
6344.467741935484
6336.629032258064
6329.096774193548
6322.096774193548
6316.878542510121
6316.878542510121
6314.9637096774195
6307.600806451613
6299.919354838709
6292.0161290322585
6283.991935483871
6279.097165991903
6279.097165991903
6276.629032258064
6269.145161290323
6262.217741935484
6255.181451612903
6248.0
6242.797570850203
6242.797570850203
6241.044354838709
6233.612903225807
6225.995967741936
6218.584677419355
6211.415322580645
6205.574898785425
6205.574898785425
6204.2661290322585
6197.564516129032
6191.310483870968
6185.330645161291
6179.379032258064
6174.5910931174085
6174.5910931174085
6173.826612903225
6169.370967741936
6164.810483870968
6159.899193548387
6154.919354838709
6150.044534412956
6150.044534412956
6149.370967741936
6143.725806451613
6138.959677419355
6134.370967741936
6129.8588709677415
6125.271255060728
6125.271255060728
6125.520161290323
6121.350806451613
6117.4112903225805
6112.923387096775
6108.375
6104.708502024291
6104.717741935484
6104.674698795181
6101.429718875502
6099.060240963855
6096.614457831325
6093.626506024097
6091.185483870968
6091.185483870968
6090.59437751004
6087.803212851406
6087.803212851406
6084.726907630522
6081.469879518072
6078.729838709677
6078.729838709677
6077.895582329317
6074.417670682731
6074.417670682731
6070.385542168675
6066.44578313253
6063.419354838709
6063.419354838709
6063.419354838709
6062.293172690763
6057.911646586345
6053.947791164659
6049.269076305221
6049.269076305221
6049.269076305221
6047.184
6042.456
6037.504
6032.3
6030.346613545817
6027.688
6027.688
6025.796812749004
6021.334661354582
6017.095617529881
6013.095617529881
6009.043824701195
6006.264
6006.264
6006.264
6002.212
5999.646586345381
5995.791164658634
5991.951807228916
5989.568548387097
5989.568548387097
5986.169354838709
5982.802419354839
5979.620967741936
5976.479838709677
5973.7338709677415
5973.7338709677415
5973.7338709677415
5973.325301204819
5970.931726907631
5968.353413654619
5965.9357429718875
5963.650602409639
5961.3387096774195
5961.3387096774195
5961.273092369478
5958.610441767069
5956.269076305221
5954.084337349397
5951.678714859438
5950.592741935484
5950.592741935484
5949.6626506024095
5947.321285140562
5946.716
5944.808
5943.424
5942.449799196787
5942.449799196787
5942.08
5940.868
5940.276
5939.424
5938.508
5937.967871485944
5937.967871485944
5937.764
5937.156
5936.88
5936.232
5935.572
5935.100401606425
5935.100401606425
5934.972
5934.472
5934.164
5933.9
5933.848
5933.578313253012
5933.578313253012
5933.836
5933.616
5933.544
5933.26
5933.052
5932.240963855422
5932.240963855422
5932.808
5931.82
5930.656
5929.496
5928.572
5927.068273092369
5927.068273092369
5927.616
5926.728
5925.46
5924.404
5923.536
5922.136546184739
5922.136546184739
5922.252
5921.44
5920.652
5919.96
5919.264
5918.172690763052
5918.172690763052
5918.564
5917.756
5916.844
5915.44
5913.844
5912.3293172690765
5912.3293172690765
5912.312
5910.54
5909.048
5909.048
5907.396
5905.883534136547
5905.883534136547
5905.648
5904.216
5903.268
5901.984
5900.856
5899.839357429719
5899.839357429719
5899.756
5898.488
5897.092
5895.456
5893.76
5891.8755020080325
5891.8755020080325
5891.936
5890.62
5889.256
5888.172
5886.848
5885.522088353414
5885.522088353414
5885.496
5884.092
5883.2610441767065
5881.9357429718875
5880.232931726908
5879.2862903225805
5879.2862903225805
5878.269076305221
5876.791164658634
5875.244979919678
5873.032128514056
5870.493975903614
5869.209677419355
5869.209677419355
5868.024096385542
5867.076
5866.317269076305
5865.020080321285
5863.674698795181
5862.810483870968
5862.810483870968
5862.100401606425
5860.4859437751
5858.77108433735
5856.7991967871485
5854.59437751004
5854.59437751004
5852.729838709677
5852.104417670683
5849.44578313253
5846.714859437751
5844.088353413655
5841.859437751004
5840.814516129032
5840.814516129032
5840.104417670683
5838.341365461847
5837.028225806452
5835.064516129032
5833.1088709677415
5831.607287449393
5831.607287449393
5831.012096774193
5829.112903225807
5827.560483870968
5826.839357429719
5825.224899598394
5824.068548387097
5824.068548387097
5823.4738955823295
5821.915662650603
5820.437751004016
5819.220883534136
5818.208835341366
5817.854838709677
5817.854838709677
5817.566265060241
5817.084337349397
5816.369477911647
5816.369477911647
5816.120481927711
5816.447580645161
5816.447580645161
5815.991967871486
5815.253012048192
5814.373493975903
5813.570281124498
5812.674698795181
5812.366935483871
5812.366935483871
5811.879518072289
5810.04016064257
5808.810483870968
5807.604838709677
5806.637096774193
5806.502024291498
5806.502024291498
5805.576612903225
5803.903225806452
5802.2137096774195
5800.104838709677
5797.955645161291
5797.955645161291
5796.18875502008
5794.372
5792.604
5791.136
5790.44
5790.088
5791.052208835341
5791.052208835341
5788.92
5788.296
5787.808
5788.004
5788.256
5789.510040160642
5789.510040160642
5787.896
5787.672
5787.688
5788.164
5789.718875502008
5791.2338709677415
5791.2338709677415
5789.5261044176705
5788.943775100402
5788.943775100402
5787.489959839358
5786.076305220883
5786.778225806452
5786.778225806452
5784.903614457831
5783.052
5782.144
5781.412
5780.372
5780.755020080322
5780.755020080322
5778.492
5776.692
5774.744
5772.692
5770.468
5770.224899598394
5770.224899598394
5767.54
5764.168
5760.976
5757.528
5753.688
5752.574297188755
5752.574297188755
5750.384
5747.236
5743.948
5740.824
5737.792
5736.618473895583
5736.618473895583
5734.58
5731.484
5728.968
5727.084
5724.748
5724.401606425703
5724.401606425703
5722.768
5720.608
5718.472
5716.54
5714.224
5713.4859437751
5713.4859437751
5711.744
5708.972
5706.808
5704.936
5702.956
5703.409638554217
5703.409638554217
5701.18
5699.172
5697.032
5694.156
5691.16
5690.522088353414
5690.522088353414
5688.316
5685.3
5682.988
5680.408
5677.472
5676.666666666667
5676.666666666667
5674.232
5670.904
5667.208
5662.968
5658.684
5657.558232931727
5657.558232931727
5654.292
5650.048
5645.352
5640.896
5636.392
5634.598393574297
5634.598393574297
5631.74
5627.492
5622.964
5618.028
5613.196
5611.016064257028
5611.016064257028
5608.136
5602.868
5597.624
5592.808
5588.456
5586.883534136547
5586.883534136547
5582.14859437751
5577.614457831325
5573.293172690763
5568.995983935743
5565.265060240964
5563.629032258064
5563.629032258064
5561.710843373494
5558.674698795181
5555.622489959839
5555.622489959839
5552.883534136547
5551.467741935484
5550.092369477911
5548.652
5545.924
5543.068
5541.788844621514
5539.254980079681
5538.076
5538.076
5537.0876494023905
5536.273809523809
5534.357142857143
5532.773809523809
5530.940476190476
5530.792828685259
5530.792828685259
5529.507936507936
5528.507936507936
5527.047619047619
5525.797619047619
5524.761904761905
5524.693227091633
5524.693227091633
5524.693227091633
5524.58
5523.572
5522.316
5520.592
5519.855421686747
5519.855421686747
5518.956
5517.597609561753
5515.653386454183
5514.571428571428
5512.757936507936
5512.278884462152
5512.278884462152
5511.349206349207
5509.670634920635
5508.503968253968
5506.837301587301
5504.900793650793
5503.585657370518
5503.585657370518
5502.8452380952385
5500.892857142857
5499.126984126984
5497.452380952381
5495.25
5493.470119521912
5493.470119521912
5492.833333333333
5491.0318725099605
5488.470119521912
5486.095617529881
5484.0876494023905
5483.232
5482.737051792828
5482.246031746032
5480.738095238095
5479.515873015873
5477.8452380952385
5475.940476190476
5474.434262948207
5474.434262948207
5474.253968253968
5472.797619047619
5471.420634920635
5470.087301587301
5468.219123505976
5466.5
5466.5
5466.888446215139
5465.4302788844625
5463.97609561753
5461.9203187251
5459.800796812749
5458.052
5458.052
5457.745019920319
5455.788844621514
5453.517928286853
5451.0318725099605
5448.661354581674
5446.508
5446.508
5446.02390438247
5443.119521912351
5439.93625498008
5436.525896414342
5432.693227091633
5430.128
5430.128
5429.227091633466
5426.648
5423.204
5419.496
5415.488
5412.81124497992
5412.81124497992
5411.352
5407.168
5402.832
5398.696
5393.964
5391.433734939759
5391.433734939759
5389.332
5384.852
5380.42
5375.932
5370.896
5368.417670682731
5365.928
5363.490039840637
5358.442231075697
5353.422310756972
5348.529880478088
5343.294820717131
5341.048
5341.048
5338.191235059761
5333.163346613545
5328.521912350598
5323.9203187251
5321.757936507936
5319.633466135459
5319.633466135459
5317.230158730159
5312.809523809524
5307.956349206349
5302.460317460317
5297.369047619048
5295.139442231076
5295.139442231076
5292.583333333333
5288.087301587301
5283.769841269841
5279.452380952381
5274.952380952381
5272.4302788844625
5272.4302788844625
5270.81746031746
5266.992063492064
5263.547619047619
5261.011952191235
5257.625498007968
5255.176
5255.176
5254.358565737052
5250.601593625498
5246.645418326693
5244.892857142857
5241.416666666667
5239.848605577689
5239.848605577689
5237.746031746032
5234.293650793651
5230.638888888889
5227.456349206349
5224.309523809524
5222.92828685259
5222.92828685259
5221.666666666667
5219.126984126984
5216.742063492064
5216.154150197628
5214.106719367589
5212.246031746032
5212.246031746032
5212.071146245059
5210.190476190476
5208.138888888889
5206.269841269841
5204.207171314741
5202.208
5202.208
5202.533864541832
5200.812749003984
5199.270916334662
5197.8286852589645
5196.749003984064
5194.876
5194.876
5195.533864541832
5193.66
5191.644
5191.641434262948
5189.278884462152
5187.168
5187.168
5186.617529880478
5184.254980079681
5181.948207171315
5179.466135458168
5177.354581673307
5175.316
5175.316
5175.1434262948205
5172.756972111554
5170.330677290836
5167.629482071713
5164.741035856574
5162.696
5162.696
5161.601593625498
5159.264
5155.12
5151.284
5150.0796812749
5147.808
5147.808
5146.99203187251
5144.250996015936
5141.446215139442
5138.689243027889
5135.350597609562
5133.216
5133.216
5132.155378486056
5129.095617529881
5127.418326693227
5127.4682539682535
5125.210317460317
5123.278884462152
5123.278884462152
5123.123015873016
5121.130952380952
5119.452380952381
5117.503968253968
5115.742063492064
5114.756972111554
5114.756972111554
5113.565737051793
5112.812749003984
5112.358565737052
5111.717131474104
5110.693227091633
5110.124
5110.124
5109.844621513944
5109.252
5108.425702811245
5107.277108433735
5105.610441767069
5104.625
5104.625
5103.18875502008
5100.991967871486
5098.8755020080325
5097.012048192771
5094.911646586345
5094.911646586345
5094.911646586345
5093.912
5092.224
5091.0
5090.776892430279
5089.62
5088.586345381526
5088.586345381526
5088.52
5087.792
5087.148
5086.084
5085.212
5084.421686746988
5084.421686746988
5084.928
5085.392
5086.1
5086.964
5088.112
5087.666666666667
5087.666666666667
5089.244
5090.796
5092.808
5094.668
5096.876
5096.795180722892
5096.795180722892
5098.94
5100.284
5101.584
5103.172
5104.672
5104.301204819277
5104.301204819277
5106.208
5107.696
5109.096
5109.976
5111.06
5110.401606425703
5110.401606425703
5112.6
5114.248
5115.44
5116.76
5118.212
5117.570281124498
5117.570281124498
5119.608
5121.084
5122.888
5124.504
5126.128
5126.176706827309
5126.176706827309
5127.556
5128.252
5128.704
5129.324
5129.94
5130.204819277108
5130.204819277108
5131.148
5132.176
5133.748
5135.264
5136.732
5137.0642570281125
5137.0642570281125
5138.456
5140.268
5142.176
5144.412
5147.088
5148.289156626506
5148.289156626506
5149.76
5152.596
5155.268
5157.708
5159.64
5160.341365461847
5160.341365461847
5161.604
5163.572
5165.28
5167.516
5169.62
5170.678714859438
5170.678714859438
5171.94
5174.088
5176.288
5178.608
5180.836
5181.9357429718875
5181.9357429718875
5183.384
5185.616
5188.016
5190.284
5192.492
5192.807228915663
5192.807228915663
5194.24
5195.732
5197.128
5198.432
5200.434262948207
5200.244
5200.244
5202.404
5204.784
5207.36
5210.024
5212.632
5212.682730923695
5212.682730923695
5212.682730923695
5215.068273092369
5217.152610441767
5218.919678714859
5220.686746987952
5220.665322580645
5220.665322580645
5223.088353413655
5223.153225806452
5225.7137096774195
5225.712550607287
5227.906882591094
5227.882113821138
5227.882113821138
5230.368421052632
5233.008064516129
5235.650602409639
5238.012048192771
5240.220883534136
5239.9112903225805
5239.9112903225805
5242.265060240964
5244.425702811245
5246.871485943775
5249.048192771084
5250.831325301205
5251.100806451613
5251.100806451613
5252.718875502008
5253.698795180723
5254.710843373494
5254.907630522089
5255.269076305221
5255.262096774193
5255.262096774193
5255.734939759036
5256.253012048192
5256.779116465864
5256.722891566265
5257.1325301204815
5256.721774193548
5256.721774193548
5257.477911646586
5258.1244979919675
5259.216
5260.416
5261.38
5261.305220883534
5261.305220883534
5262.024096385542
5262.734939759036
5262.427419354839
5262.979838709677
5262.810483870968
5262.736842105263
5262.736842105263
5262.899193548387
5262.225806451613
5262.040322580645
5261.895161290323
5261.5362903225805
5261.5362903225805
5261.5362903225805
5262.325301204819
5262.253012048192
5262.092369477911
5261.891566265061
5262.052208835341
5261.5362903225805
5261.5362903225805
5261.730923694779
5261.104417670683
5260.4658634538155
5260.240963855422
5260.4859437751
5260.080645161291
5260.080645161291
5260.622489959839
5261.429718875502
5262.084337349397
5262.815261044177
5264.044176706827
5264.758064516129
5264.758064516129
5265.751004016064
5267.357429718875
5267.357429718875
5269.481927710844
5271.955823293173
5272.866935483871
5272.866935483871
5274.566265060241
5277.22891566265
5279.931726907631
5283.020080321285
5285.779116465864
5287.443548387097
5287.443548387097
5288.915662650603
5292.469879518072
5296.614457831325
5300.204819277108
5303.871485943775
5306.137096774193
5306.137096774193
5310.806451612903
5316.024193548387
5321.387096774193
5327.020161290323
5332.633064516129
5335.453441295546
5335.453441295546
5338.673387096775
5344.629032258064
5350.330645161291
5355.5362903225805
5360.568548387097
5362.923076923077
5362.923076923077
5365.5362903225805
5370.6411290322585
5375.685483870968
5380.955645161291
5386.612903225807
5389.744939271255
5389.744939271255
5389.744939271255
5394.995951417004
5399.635627530364
5404.417004048583
5408.898785425101
5411.5203252032525
5411.5203252032525
5413.323886639676
5416.967611336032
5420.854251012146
5424.5546558704455
5426.842741935484
5428.412955465587
5428.412955465587
5430.685483870968
5434.560483870968
5438.689516129032
5442.842741935484
5446.975806451613
5449.388663967611
5449.388663967611
5450.604838709677
5454.995967741936
5459.467741935484
5464.419354838709
5469.25
5472.048582995952
5472.048582995952
5473.7338709677415
5478.1411290322585
5480.344129554656
5484.222672064778
5488.485829959514
5489.869918699187
5489.869918699187
5492.222672064778
5496.3765182186235
5499.5161290322585
5503.870967741936
5507.8387096774195
5507.8387096774195
5507.8387096774195
5511.068273092369
5515.0722891566265
5518.666666666667
5522.1244979919675
5525.578313253012
5526.383064516129
5526.383064516129
5528.353413654619
5530.871485943775
5532.796
5536.32
5539.976
5541.751004016064
5541.751004016064
5543.848
5548.056
5551.62
5555.172
5559.324
5561.096385542169
5561.096385542169
5563.1
5567.28
5571.904
5575.868
5580.512
5582.9277108433735
5582.9277108433735
5585.008
5589.936
5592.310756972111
5597.86454183267
5603.390438247012
5606.408
5606.408
5608.545816733068
5612.87250996016
5616.760956175299
5621.0796812749
5625.318725099602
5628.48
5628.48
5630.0318725099605
5634.382470119522
5638.637450199203
5642.12749003984
5645.474103585658
5647.932
5647.932
5648.87250996016
5651.836653386455
5654.964143426295
5658.083665338645
5661.350597609562
5664.212
5664.212
5664.212
5666.536
5668.352
5670.272
5672.32
5674.951807228916
5674.951807228916
5674.168
5675.952
5675.13545816733
5674.0515873015875
5675.694444444444
5678.709163346613
5678.709163346613
5677.6349206349205
5680.5317460317465
5683.003968253968
5685.452380952381
5687.813492063492
5690.960159362549
5690.960159362549
5690.321428571428
5693.079365079365
5695.202380952381
5696.623015873016
5698.142857142857
5698.142857142857
5698.142857142857
5697.169960474308
5698.529644268775
5699.644268774704
5700.826086956522
5702.462450592885
5704.7817460317465
5704.7817460317465
5703.731225296443
5704.664031620553
5705.201581027668
5705.339920948617
5705.241106719368
5705.992063492064
5705.992063492064
5704.652173913043
5704.359683794466
5704.00395256917
5703.545454545455
5702.928853754941
5703.019841269841
5703.019841269841
5702.01581027668
5701.256916996047
5700.695652173913
5699.909090909091
5699.01185770751
5699.535714285715
5699.535714285715
5698.324110671937
5697.521739130435
5696.679841897233
5695.948616600791
5695.383399209486
5695.6984126984125
5695.6984126984125
5694.339920948617
5692.901185770751
5690.97628458498
5689.648221343874
5688.079051383399
5688.230158730159
5688.230158730159
5686.446640316206
5684.9604743083
5683.636363636364
5682.276679841897
5681.438735177866
5682.055555555556
5682.055555555556
5680.422924901186
5679.826086956522
5679.837944664032
5679.98814229249
5680.296442687747
5681.976190476191
5681.976190476191
5680.316205533597
5679.95256916996
5679.308300395257
5678.418972332016
5677.221343873518
5677.996031746032
5677.996031746032
5675.786561264822
5674.177865612648
5672.118577075099
5669.98814229249
5667.924901185771
5668.464285714285
5668.464285714285
5666.355731225296
5664.750988142292
5662.652173913043
5660.193675889328
5658.320158102767
5659.055555555556
5659.055555555556
5656.711462450593
5654.841897233202
5652.885375494071
5650.743083003953
5648.9604743083
5650.003968253968
5650.003968253968
5647.162055335968
5645.03162055336
5643.01976284585
5641.620553359684
5640.122529644269
5640.68253968254
5640.68253968254
5638.517786561265
5637.071146245059
5635.766798418972
5634.071146245059
5632.695652173913
5633.019841269841
5633.019841269841
5630.588932806324
5628.766798418972
5627.442687747036
5625.905138339921
5624.549407114625
5624.246031746032
5624.246031746032
5622.877470355731
5620.920948616601
5618.667984189723
5616.592885375494
5614.434782608696
5613.4047619047615
5613.4047619047615
5612.181818181818
5610.830708661418
5608.311023622047
5605.866141732284
5603.751968503937
5603.256916996047
5603.256916996047
5601.913385826771
5599.744094488189
5599.744094488189
5597.425196850394
5596.411764705882
5595.669291338582
5595.669291338582
5594.749019607843
5592.639215686275
5590.635294117647
5588.576470588236
5586.450980392156
5585.185039370079
5585.185039370079
5585.185039370079
5583.074803149606
5580.775590551181
5578.708661417323
5577.0
5576.565217391304
5576.565217391304
5575.405511811024
5573.854330708661
5574.059288537549
5573.051383399209
5572.229249011858
5573.055555555556
5573.055555555556
5571.826086956522
5571.320158102767
5570.470355731225
5569.233201581028
5567.96442687747
5568.111111111111
5568.111111111111
5566.407114624506
5565.173913043478
5563.679841897233
5561.98023715415
5560.415019762846
5560.8015873015875
5560.8015873015875
5558.932806324111
5557.122529644269
5555.351778656126
5553.2322834645665
5553.355731225296
5554.230158730159
5554.230158730159
5551.731225296443
5549.97628458498
5548.379446640316
5546.138339920949
5543.715415019763
5543.81746031746
5543.81746031746
5541.051383399209
5538.794466403162
5536.296442687747
5533.822134387352
5531.134387351779
5531.43253968254
5531.43253968254
5531.43253968254
5529.511904761905
5527.6547619047615
5525.825396825397
5523.6349206349205
5524.1434262948205
5521.099206349207
5517.924901185771
5515.750988142292
5513.399209486166
5511.01976284585
5508.97233201581
5508.988095238095
5508.988095238095
5506.509881422925
5503.9604743083
5500.99209486166
5500.99209486166
5498.304347826087
5497.333333333333
5497.333333333333
5495.509881422925
5493.130434782609
5491.193675889328
5489.351778656126
5487.573122529644
5486.912698412699
5486.912698412699
5485.98418972332
5484.422924901186
5482.375494071146
5479.794466403162
5477.798418972332
5476.670634920635
5476.670634920635
5475.750988142292
5473.217391304348
5470.185770750988
5467.01581027668
5463.403162055336
5460.650793650793
5460.650793650793
5460.650793650793
5457.9681274900395
5455.396
5452.967871485944
5450.778225806452
5448.562753036437
5448.562753036437
5448.562753036437
5446.276422764227
5444.097959183673
5441.88524590164
5439.588477366256
5437.49173553719
5437.49173553719
5437.49173553719
5437.49173553719
5435.3734439834025
5433.470833333334
5431.334728033473
5429.336134453782
5429.336134453782
5429.336134453782
5427.53164556962
5426.097457627118
5424.068085106383
5421.709401709401
5419.261802575107
5419.261802575107
5419.261802575107
5416.793103448276
5414.220779220779
5411.847826086957
5409.882096069869
5408.039473684211
5408.039473684211
5408.039473684211
5406.528634361233
5404.79203539823
5402.746666666667
5400.375
5397.641255605381
5397.641255605381
5397.641255605381
5395.423423423424
5392.696832579186
5392.696832579186
5389.990909090909
5386.652968036529
5386.652968036529
5386.652968036529
5383.51376146789
5379.7788018433175
5375.634259259259
5371.33023255814
5367.116822429906
5367.116822429906
5367.116822429906
5362.680751173709
5358.3490566037735
5354.549763033176
5350.909523809524
5347.244019138756
5347.244019138756
5347.244019138756
5344.024038461538
5340.917874396136
5337.660194174758
5334.029268292683
5330.25
5330.25
5330.25
5326.625615763547
5322.792079207921
5319.512437810945
5315.975
5312.160804020101
5312.160804020101
5312.160804020101
5308.373737373738
5303.964467005077
5299.224489795918
5295.169230769231
5290.840206185567
5290.840206185567
5290.840206185567
5286.632124352332
5282.291666666667
5277.560209424084
5272.994736842105
5268.306878306878
5268.306878306878
5268.306878306878
5263.654255319149
5259.561497326204
5255.629032258064
5251.4486486486485
5247.190217391304
5247.190217391304
5247.190217391304
5242.978142076503
5239.043956043956
5234.889502762431
5230.5888888888885
5226.402234636871
5226.402234636871
5226.402234636871
5222.70786516854
5219.28813559322
5215.647727272727
5212.337142857143
5209.189655172414
5209.189655172414
5209.189655172414
5209.189655172414
5206.699421965318
5204.372093023256
5202.035087719299
5199.835294117647
5199.835294117647
5199.835294117647
5198.183431952662
5196.4702380952385
5194.826347305389
5193.578313253012
5192.236363636363
5192.236363636363
5192.236363636363
5190.920731707317
5189.165644171779
5187.481481481482
5185.509316770186
5183.275
5183.275
5183.275
5181.094339622641
5178.822784810127
5176.910828025478
5175.391025641025
5173.825806451613
5173.825806451613
5173.825806451613
5172.019480519481
5170.424836601307
5168.7828947368425
5166.854304635762
5164.7266666666665
5164.7266666666665
5164.7266666666665
5162.885906040268
5160.966216216216
5158.884353741497
5156.965753424657
5155.075862068966
5155.075862068966
5155.075862068966
5153.604166666667
5151.825174825175
5150.098591549296
5148.113475177305
5146.185714285714
5146.185714285714
5146.185714285714
5144.007194244605
5141.855072463768
5139.978102189781
5138.301470588235
5136.466666666666
5136.466666666666
5136.466666666666
5134.55223880597
5132.721804511279
5130.80303030303
5128.748091603054
5126.792307692308
5126.792307692308
5126.792307692308
5125.046511627907
5123.7109375
5122.787401574803
5121.4682539682535
5120.56
5120.56
5120.56
5119.620967741936
5118.552845528456
5116.9672131147545
5115.818181818182
5114.008333333333
5114.008333333333
5114.008333333333
5112.705882352941
5110.949152542373
5109.136752136752
5107.353448275862
5105.217391304348
5105.217391304348
5105.217391304348
5103.8421052631575
5102.33628318584
5101.169642857143
5100.081081081081
5099.2
5099.2
5099.2
5099.018348623853
5099.212962962963
5100.140186915888
5101.207547169812
5101.847619047619
5101.847619047619
5101.847619047619
5101.528846153846
5101.446601941748
5102.254901960784
5103.564356435643
5103.74
5103.74
5103.74
5104.121212121212
5105.15306122449
5107.092783505154
5110.229166666667
5111.989473684211
5111.989473684211
5111.989473684211
5113.914893617021
5115.709677419355
5117.847826086957
5118.417582417583
5119.077777777778
5119.077777777778
5119.077777777778
5119.3707865168535
5118.704545454545
5118.275862068966
5118.069767441861
5117.1882352941175
5117.1882352941175
5117.1882352941175
5118.369047619048
5118.710843373494
5118.6463414634145
5118.283950617284
5116.9875
5116.9875
5116.9875
5114.949367088608
5113.166666666667
5111.8441558441555
5109.263157894737
5106.426666666666
5106.426666666666
5106.426666666666
5103.756756756757
5101.493150684932
5099.513888888889
5097.6760563380285
5096.171428571429
5096.171428571429
5096.171428571429
5093.768115942029
5091.132352941177
5091.132352941177
5087.686567164179
5083.878787878788
5083.878787878788
5083.878787878788
5079.615384615385
5076.109375
5071.380952380952
5066.629032258064
5061.688524590164
5061.688524590164
5061.688524590164
5061.688524590164
5057.883333333333
5054.64406779661
5051.068965517241
5046.666666666667
5046.666666666667
5046.666666666667
5042.464285714285
5038.509090909091
5038.509090909091
5035.055555555556
5031.8490566037735
5031.8490566037735
5031.8490566037735
5027.423076923077
5023.156862745098
5019.0
5015.34693877551
5013.0
5013.0
5013.0
5010.36170212766
5007.695652173913
5005.288888888889
5003.113636363636
5000.302325581395
5000.302325581395
5000.302325581395
4998.214285714285
4996.219512195122
4993.925
4993.333333333333
4993.333333333333
4993.333333333333
4993.333333333333
4995.210526315789
4998.891891891892
5002.805555555556
5006.6
5011.029411764706
5011.029411764706
5011.029411764706
5016.090909090909
5020.125
5023.548387096775
5029.166666666667
5037.0344827586205
5037.0344827586205
5037.0344827586205
5037.0344827586205
5044.571428571428
5055.222222222223
5065.346153846154
5077.56
5077.56
5090.916666666667
5107.130434782609
5119.045454545455
5128.0
5142.9
5155.736842105263
5155.736842105263
5155.736842105263
5170.944444444444
5188.823529411765
5209.8125
5209.8125
5223.333333333333
5223.333333333333
5223.333333333333
5236.714285714285
5247.692307692308
5249.916666666667
5252.181818181818
5250.0
5250.0
5250.0
5249.777777777777
5248.625
5250.857142857143
5257.666666666667
5259.4
5259.4
5259.4
5263.25
5263.333333333333
5254.5
5232.0
